sqrt(1) = 1.000000
sqrt(2) = 1.414214
sqrt(3) = 1.732051
sqrt(4) = 2.000000
sqrt(5) = 2.236068
sqrt(6) = 2.449490
sqrt(7) = 2.645751
sqrt(8) = 2.828427
sqrt(9) = 3.000000
sqrt(10) = 3.162278
sqrt(11) = 3.316625
sqrt(12) = 3.464102
