c[0][0] = 2470.000000
c[0][1] = 2660.000000
c[0][2] = 2850.000000
c[0][3] = 3040.000000
c[0][4] = 3230.000000
c[0][5] = 3420.000000
c[0][6] = 3610.000000
c[0][7] = 3800.000000
c[0][8] = 3990.000000
c[0][9] = 4180.000000
c[0][10] = 4370.000000
c[0][11] = 4560.000000
c[0][12] = 4750.000000
c[0][13] = 4940.000000
c[0][14] = 5130.000000
c[0][15] = 5320.000000
c[0][16] = 5510.000000
c[0][17] = 5700.000000
c[0][18] = 5890.000000
c[0][19] = 6080.000000
c[1][0] = 2660.000000
c[1][1] = 2870.000000
c[1][2] = 3080.000000
c[1][3] = 3290.000000
c[1][4] = 3500.000000
c[1][5] = 3710.000000
c[1][6] = 3920.000000
c[1][7] = 4130.000000
c[1][8] = 4340.000000
c[1][9] = 4550.000000
c[1][10] = 4760.000000
c[1][11] = 4970.000000
c[1][12] = 5180.000000
c[1][13] = 5390.000000
c[1][14] = 5600.000000
c[1][15] = 5810.000000
c[1][16] = 6020.000000
c[1][17] = 6230.000000
c[1][18] = 6440.000000
c[1][19] = 6650.000000
c[2][0] = 2850.000000
c[2][1] = 3080.000000
c[2][2] = 3310.000000
c[2][3] = 3540.000000
c[2][4] = 3770.000000
c[2][5] = 4000.000000
c[2][6] = 4230.000000
c[2][7] = 4460.000000
c[2][8] = 4690.000000
c[2][9] = 4920.000000
c[2][10] = 5150.000000
c[2][11] = 5380.000000
c[2][12] = 5610.000000
c[2][13] = 5840.000000
c[2][14] = 6070.000000
c[2][15] = 6300.000000
c[2][16] = 6530.000000
c[2][17] = 6760.000000
c[2][18] = 6990.000000
c[2][19] = 7220.000000
c[3][0] = 3040.000000
c[3][1] = 3290.000000
c[3][2] = 3540.000000
c[3][3] = 3790.000000
c[3][4] = 4040.000000
c[3][5] = 4290.000000
c[3][6] = 4540.000000
c[3][7] = 4790.000000
c[3][8] = 5040.000000
c[3][9] = 5290.000000
c[3][10] = 5540.000000
c[3][11] = 5790.000000
c[3][12] = 6040.000000
c[3][13] = 6290.000000
c[3][14] = 6540.000000
c[3][15] = 6790.000000
c[3][16] = 7040.000000
c[3][17] = 7290.000000
c[3][18] = 7540.000000
c[3][19] = 7790.000000
c[4][0] = 3230.000000
c[4][1] = 3500.000000
c[4][2] = 3770.000000
c[4][3] = 4040.000000
c[4][4] = 4310.000000
c[4][5] = 4580.000000
c[4][6] = 4850.000000
c[4][7] = 5120.000000
c[4][8] = 5390.000000
c[4][9] = 5660.000000
c[4][10] = 5930.000000
c[4][11] = 6200.000000
c[4][12] = 6470.000000
c[4][13] = 6740.000000
c[4][14] = 7010.000000
c[4][15] = 7280.000000
c[4][16] = 7550.000000
c[4][17] = 7820.000000
c[4][18] = 8090.000000
c[4][19] = 8360.000000
c[5][0] = 3420.000000
c[5][1] = 3710.000000
c[5][2] = 4000.000000
c[5][3] = 4290.000000
c[5][4] = 4580.000000
c[5][5] = 4870.000000
c[5][6] = 5160.000000
c[5][7] = 5450.000000
c[5][8] = 5740.000000
c[5][9] = 6030.000000
c[5][10] = 6320.000000
c[5][11] = 6610.000000
c[5][12] = 6900.000000
c[5][13] = 7190.000000
c[5][14] = 7480.000000
c[5][15] = 7770.000000
c[5][16] = 8060.000000
c[5][17] = 8350.000000
c[5][18] = 8640.000000
c[5][19] = 8930.000000
c[6][0] = 3610.000000
c[6][1] = 3920.000000
c[6][2] = 4230.000000
c[6][3] = 4540.000000
c[6][4] = 4850.000000
c[6][5] = 5160.000000
c[6][6] = 5470.000000
c[6][7] = 5780.000000
c[6][8] = 6090.000000
c[6][9] = 6400.000000
c[6][10] = 6710.000000
c[6][11] = 7020.000000
c[6][12] = 7330.000000
c[6][13] = 7640.000000
c[6][14] = 7950.000000
c[6][15] = 8260.000000
c[6][16] = 8570.000000
c[6][17] = 8880.000000
c[6][18] = 9190.000000
c[6][19] = 9500.000000
c[7][0] = 3800.000000
c[7][1] = 4130.000000
c[7][2] = 4460.000000
c[7][3] = 4790.000000
c[7][4] = 5120.000000
c[7][5] = 5450.000000
c[7][6] = 5780.000000
c[7][7] = 6110.000000
c[7][8] = 6440.000000
c[7][9] = 6770.000000
c[7][10] = 7100.000000
c[7][11] = 7430.000000
c[7][12] = 7760.000000
c[7][13] = 8090.000000
c[7][14] = 8420.000000
c[7][15] = 8750.000000
c[7][16] = 9080.000000
c[7][17] = 9410.000000
c[7][18] = 9740.000000
c[7][19] = 10070.000000
c[8][0] = 3990.000000
c[8][1] = 4340.000000
c[8][2] = 4690.000000
c[8][3] = 5040.000000
c[8][4] = 5390.000000
c[8][5] = 5740.000000
c[8][6] = 6090.000000
c[8][7] = 6440.000000
c[8][8] = 6790.000000
c[8][9] = 7140.000000
c[8][10] = 7490.000000
c[8][11] = 7840.000000
c[8][12] = 8190.000000
c[8][13] = 8540.000000
c[8][14] = 8890.000000
c[8][15] = 9240.000000
c[8][16] = 9590.000000
c[8][17] = 9940.000000
c[8][18] = 10290.000000
c[8][19] = 10640.000000
c[9][0] = 4180.000000
c[9][1] = 4550.000000
c[9][2] = 4920.000000
c[9][3] = 5290.000000
c[9][4] = 5660.000000
c[9][5] = 6030.000000
c[9][6] = 6400.000000
c[9][7] = 6770.000000
c[9][8] = 7140.000000
c[9][9] = 7510.000000
c[9][10] = 7880.000000
c[9][11] = 8250.000000
c[9][12] = 8620.000000
c[9][13] = 8990.000000
c[9][14] = 9360.000000
c[9][15] = 9730.000000
c[9][16] = 10100.000000
c[9][17] = 10470.000000
c[9][18] = 10840.000000
c[9][19] = 11210.000000
c[10][0] = 4370.000000
c[10][1] = 4760.000000
c[10][2] = 5150.000000
c[10][3] = 5540.000000
c[10][4] = 5930.000000
c[10][5] = 6320.000000
c[10][6] = 6710.000000
c[10][7] = 7100.000000
c[10][8] = 7490.000000
c[10][9] = 7880.000000
c[10][10] = 8270.000000
c[10][11] = 8660.000000
c[10][12] = 9050.000000
c[10][13] = 9440.000000
c[10][14] = 9830.000000
c[10][15] = 10220.000000
c[10][16] = 10610.000000
c[10][17] = 11000.000000
c[10][18] = 11390.000000
c[10][19] = 11780.000000
c[11][0] = 4560.000000
c[11][1] = 4970.000000
c[11][2] = 5380.000000
c[11][3] = 5790.000000
c[11][4] = 6200.000000
c[11][5] = 6610.000000
c[11][6] = 7020.000000
c[11][7] = 7430.000000
c[11][8] = 7840.000000
c[11][9] = 8250.000000
c[11][10] = 8660.000000
c[11][11] = 9070.000000
c[11][12] = 9480.000000
c[11][13] = 9890.000000
c[11][14] = 10300.000000
c[11][15] = 10710.000000
c[11][16] = 11120.000000
c[11][17] = 11530.000000
c[11][18] = 11940.000000
c[11][19] = 12350.000000
c[12][0] = 4750.000000
c[12][1] = 5180.000000
c[12][2] = 5610.000000
c[12][3] = 6040.000000
c[12][4] = 6470.000000
c[12][5] = 6900.000000
c[12][6] = 7330.000000
c[12][7] = 7760.000000
c[12][8] = 8190.000000
c[12][9] = 8620.000000
c[12][10] = 9050.000000
c[12][11] = 9480.000000
c[12][12] = 9910.000000
c[12][13] = 10340.000000
c[12][14] = 10770.000000
c[12][15] = 11200.000000
c[12][16] = 11630.000000
c[12][17] = 12060.000000
c[12][18] = 12490.000000
c[12][19] = 12920.000000
c[13][0] = 4940.000000
c[13][1] = 5390.000000
c[13][2] = 5840.000000
c[13][3] = 6290.000000
c[13][4] = 6740.000000
c[13][5] = 7190.000000
c[13][6] = 7640.000000
c[13][7] = 8090.000000
c[13][8] = 8540.000000
c[13][9] = 8990.000000
c[13][10] = 9440.000000
c[13][11] = 9890.000000
c[13][12] = 10340.000000
c[13][13] = 10790.000000
c[13][14] = 11240.000000
c[13][15] = 11690.000000
c[13][16] = 12140.000000
c[13][17] = 12590.000000
c[13][18] = 13040.000000
c[13][19] = 13490.000000
c[14][0] = 5130.000000
c[14][1] = 5600.000000
c[14][2] = 6070.000000
c[14][3] = 6540.000000
c[14][4] = 7010.000000
c[14][5] = 7480.000000
c[14][6] = 7950.000000
c[14][7] = 8420.000000
c[14][8] = 8890.000000
c[14][9] = 9360.000000
c[14][10] = 9830.000000
c[14][11] = 10300.000000
c[14][12] = 10770.000000
c[14][13] = 11240.000000
c[14][14] = 11710.000000
c[14][15] = 12180.000000
c[14][16] = 12650.000000
c[14][17] = 13120.000000
c[14][18] = 13590.000000
c[14][19] = 14060.000000
c[15][0] = 5320.000000
c[15][1] = 5810.000000
c[15][2] = 6300.000000
c[15][3] = 6790.000000
c[15][4] = 7280.000000
c[15][5] = 7770.000000
c[15][6] = 8260.000000
c[15][7] = 8750.000000
c[15][8] = 9240.000000
c[15][9] = 9730.000000
c[15][10] = 10220.000000
c[15][11] = 10710.000000
c[15][12] = 11200.000000
c[15][13] = 11690.000000
c[15][14] = 12180.000000
c[15][15] = 12670.000000
c[15][16] = 13160.000000
c[15][17] = 13650.000000
c[15][18] = 14140.000000
c[15][19] = 14630.000000
c[16][0] = 5510.000000
c[16][1] = 6020.000000
c[16][2] = 6530.000000
c[16][3] = 7040.000000
c[16][4] = 7550.000000
c[16][5] = 8060.000000
c[16][6] = 8570.000000
c[16][7] = 9080.000000
c[16][8] = 9590.000000
c[16][9] = 10100.000000
c[16][10] = 10610.000000
c[16][11] = 11120.000000
c[16][12] = 11630.000000
c[16][13] = 12140.000000
c[16][14] = 12650.000000
c[16][15] = 13160.000000
c[16][16] = 13670.000000
c[16][17] = 14180.000000
c[16][18] = 14690.000000
c[16][19] = 15200.000000
c[17][0] = 5700.000000
c[17][1] = 6230.000000
c[17][2] = 6760.000000
c[17][3] = 7290.000000
c[17][4] = 7820.000000
c[17][5] = 8350.000000
c[17][6] = 8880.000000
c[17][7] = 9410.000000
c[17][8] = 9940.000000
c[17][9] = 10470.000000
c[17][10] = 11000.000000
c[17][11] = 11530.000000
c[17][12] = 12060.000000
c[17][13] = 12590.000000
c[17][14] = 13120.000000
c[17][15] = 13650.000000
c[17][16] = 14180.000000
c[17][17] = 14710.000000
c[17][18] = 15240.000000
c[17][19] = 15770.000000
c[18][0] = 5890.000000
c[18][1] = 6440.000000
c[18][2] = 6990.000000
c[18][3] = 7540.000000
c[18][4] = 8090.000000
c[18][5] = 8640.000000
c[18][6] = 9190.000000
c[18][7] = 9740.000000
c[18][8] = 10290.000000
c[18][9] = 10840.000000
c[18][10] = 11390.000000
c[18][11] = 11940.000000
c[18][12] = 12490.000000
c[18][13] = 13040.000000
c[18][14] = 13590.000000
c[18][15] = 14140.000000
c[18][16] = 14690.000000
c[18][17] = 15240.000000
c[18][18] = 15790.000000
c[18][19] = 16340.000000
c[19][0] = 6080.000000
c[19][1] = 6650.000000
c[19][2] = 7220.000000
c[19][3] = 7790.000000
c[19][4] = 8360.000000
c[19][5] = 8930.000000
c[19][6] = 9500.000000
c[19][7] = 10070.000000
c[19][8] = 10640.000000
c[19][9] = 11210.000000
c[19][10] = 11780.000000
c[19][11] = 12350.000000
c[19][12] = 12920.000000
c[19][13] = 13490.000000
c[19][14] = 14060.000000
c[19][15] = 14630.000000
c[19][16] = 15200.000000
c[19][17] = 15770.000000
c[19][18] = 16340.000000
c[19][19] = 16910.000000
sum (before returning) = 3154000.000000
final sum = 3154000.000000
